2.494118	19.239130
2.517647	19.347826
2.541176	19.456522
2.564706	19.456522
2.588235	19.673913
2.611765	19.891304
2.635294	20.000000
2.658824	20.000000
2.682353	20.217391
2.705882	20.326087
2.729412	20.434783
2.752941	20.543478
2.776471	20.652174
2.800000	20.760870
2.823529	20.869565
2.847059	20.978261
2.870588	21.086957
2.894118	21.195652
2.917647	21.413043
2.941176	21.413043
2.964706	21.521739
2.988235	21.630435
3.011765	21.739130
3.035294	21.847826
3.058824	21.956522
3.082353	22.065217
3.105882	22.173913
3.129412	22.282609
3.152941	22.282609
3.176471	22.500000
3.200000	22.608696
3.223529	22.717391
3.247059	22.717391
3.270588	22.934783
3.294118	23.043478
3.317647	23.152174
3.341176	23.260870
3.364706	23.260870
3.388235	23.369565
3.411765	23.369565
3.435294	23.586957
3.458824	23.695652
3.482353	23.804348
3.505882	23.913043
3.529412	24.021739
3.552941	24.130435
3.576471	24.130435
3.600000	24.239130
3.623529	24.347826
3.647059	24.456522
3.670588	24.456522
3.694118	24.565217
3.717647	24.673913
3.741176	24.782609
3.764706	24.782609
3.788235	24.891304
3.811765	25.000000
3.835294	25.000000
3.858824	25.108696
3.882353	25.217391
3.905882	25.217391
3.929412	25.326087
3.952941	25.326087
3.976471	25.434783
4.000000	25.434783
4.023529	25.543478
4.047059	25.543478
4.070588	25.652174
4.094118	25.652174
4.117647	25.760870
4.141176	25.760870
4.164706	25.869565
4.188235	25.869565
4.211765	25.869565
4.235294	25.978261
4.258824	25.978261
4.282353	25.978261
4.305882	25.978261
4.329412	26.086957
4.352941	26.086957
4.376471	26.086957
4.400000	26.086957
4.423529	26.086957
4.447059	26.086957
4.470588	26.086957
4.494118	26.086957
4.517647	26.086957
4.541176	26.086957
4.564706	26.086957
4.588235	26.086957
4.611765	26.086957
4.635294	26.086957
4.658824	26.086957
4.682353	26.086957
4.705882	26.086957
4.729412	26.086957
4.752941	26.086957
4.776471	26.086957
4.800000	26.086957
4.823529	26.086957
4.847059	25.978261
4.870588	25.978261
4.894118	25.978261
4.917647	25.978261
4.941176	25.978261
4.964706	25.978261
4.988235	25.869565
5.011765	25.869565
5.035294	25.869565
5.058824	25.869565
5.082353	25.760870
5.105882	25.760870
5.129412	25.760870
5.152941	25.652174
5.176471	25.652174
5.200000	25.652174
5.223529	25.652174
5.247059	25.652174
5.270588	25.543478
5.294118	25.543478
5.317647	25.543478
5.341176	25.434783
5.364706	25.434783
5.388235	25.434783
5.411765	25.434783
5.435294	25.434783
5.458824	25.326087
5.482353	25.326087
5.505882	25.326087
5.529412	25.217391
5.552941	25.217391
5.576471	25.217391
5.600000	25.217391
5.623529	25.108696
5.647059	25.108696
5.670588	25.108696
5.694118	25.000000
5.717647	25.000000
5.741176	25.000000
5.764706	25.000000
5.788235	24.891304
5.811765	24.891304
5.835294	24.782609
5.858824	24.782609
5.882353	24.782609
5.905882	24.782609
5.929412	24.673913
5.952941	24.673913
5.976471	24.673913
6.000000	24.565217
6.023529	24.565217
6.047059	24.565217
6.070588	24.565217
6.094118	24.456522
6.117647	24.456522
6.141176	24.347826
6.164706	24.347826
6.188235	24.347826
6.211765	24.239130
6.235294	24.239130
6.258824	24.239130
6.282353	24.130435
6.305882	24.130435
6.329412	24.130435
6.352941	24.021739
6.376471	24.021739
6.400000	24.021739
6.423529	23.913043
6.447059	23.913043
6.470588	23.804348
6.494118	23.804348
6.517647	23.804348
6.541176	23.695652
6.564706	23.695652
6.588235	23.695652
6.611765	23.586957
6.635294	23.586957
6.658824	23.586957
6.682353	23.478261
6.705882	23.478261
6.729412	23.478261
6.752941	23.369565
6.776471	23.369565
6.800000	23.260870
6.823529	23.260870
6.847059	23.260870
6.870588	23.152174
6.894118	23.152174
6.917647	23.152174
6.941176	23.043478
6.964706	23.043478
6.988235	22.934783
7.011765	22.934783
7.035294	22.934783
7.058824	22.826087
7.082353	22.826087
7.105882	22.826087
7.129412	22.717391
7.152941	22.717391
7.176471	22.608696
7.200000	22.608696
7.223529	22.500000
7.247059	22.500000
7.270588	22.391304
7.294118	22.391304
7.317647	22.282609
7.341176	22.282609
7.364706	22.282609
7.388235	22.173913
7.411765	22.173913
7.435294	22.173913
7.458824	22.065217
7.482353	21.956522
7.505882	22.065217
7.529412	21.956522
7.552941	21.847826
7.576471	21.847826
7.600000	21.847826
7.623529	21.739130
7.647059	21.630435
7.670588	21.630435
7.694118	21.630435
7.717647	21.521739
7.741176	21.521739
7.764706	21.521739
7.788235	21.413043
7.811765	21.413043
7.835294	21.304348
7.858824	21.304348
7.882353	21.195652
7.905882	21.195652
7.929412	21.195652
7.952941	21.086957
7.976471	20.978261
8.000000	20.978261
8.023529	20.869565
8.047059	20.760870
8.070588	20.760870
8.094118	20.760870
8.117647	20.652174
8.141176	20.652174
8.164706	20.543478
8.188235	20.543478
8.211765	20.434783
8.235294	20.434783
8.258824	20.326087
8.282353	20.217391
8.305882	20.217391
8.329412	20.217391
8.352941	20.000000
8.376471	20.000000
8.400000	20.000000
8.423529	19.891304
8.447059	19.891304
8.470588	19.782609
8.494118	19.782609
8.517647	19.673913
8.541176	19.673913
8.564706	19.565217
8.588235	19.565217
8.611765	19.347826
8.635294	19.456522
8.658824	19.347826
8.682353	19.239130
8.705882	19.239130
8.729412	19.130435
8.752941	19.130435
8.776471	19.021739
8.800000	19.021739
8.823529	18.913043
8.847059	18.913043
8.870588	18.804348
8.894118	18.804348
8.917647	18.695652
8.941176	18.586957
8.964706	18.586957
8.988235	18.478261
9.011765	18.478261
9.035294	18.369565
9.058824	18.369565
9.082353	18.260870
9.105882	18.260870
9.129412	18.152174
9.152941	18.152174
9.176471	18.043478
9.200000	18.043478
9.223529	17.934783
9.247059	17.826087
9.270588	17.826087
9.294118	17.717391
9.317647	17.717391
9.341176	17.608696
9.364706	17.608696
9.388235	17.500000
9.411765	17.500000
9.435294	17.391304
9.458824	17.282609
9.482353	17.282609
9.505882	17.173913
9.529412	17.173913
9.552941	17.065217
9.576471	17.065217
9.600000	16.956522
9.623529	16.956522
9.647059	16.847826
9.670588	16.739130
9.694118	16.739130
9.717647	16.630435
9.741176	16.630435
9.764706	16.521739
9.788235	16.521739
9.811765	16.413043
9.835294	16.413043
9.858824	16.304348
9.882353	16.304348
9.905882	16.195652
9.929412	16.086957
9.952941	16.086957
9.976471	15.978261
10.000000	15.978261
10.023529	15.869565
10.047059	15.869565
10.070588	15.652174
10.094118	15.760870
10.117647	15.652174
10.141176	15.652174
10.164706	15.543478
10.188235	15.543478
10.211765	15.434783
10.235294	15.434783
10.258824	15.326087
10.282353	15.326087
10.305882	15.217391
10.329412	15.217391
10.352941	15.108696
10.376471	15.108696
10.400000	15.000000
10.423529	15.000000
10.447059	14.891304
10.470588	14.891304
10.494118	14.782609
10.517647	14.782609
10.541176	14.673913
10.564706	14.673913
10.588235	14.565217
10.611765	14.565217
10.635294	14.456522
10.658824	14.456522
10.682353	14.347826
10.705882	14.347826
10.729412	14.239130
10.752941	14.239130
10.776471	14.130435
10.800000	14.130435
10.823529	14.021739
10.847059	14.021739
10.870588	13.913043
10.894118	13.913043
10.917647	13.804348
10.941176	13.804348
10.964706	13.695652
10.988235	13.695652
11.011765	13.586957
11.035294	13.586957
11.058824	13.369565
11.082353	13.478261
11.105882	13.369565
11.129412	13.369565
11.152941	13.369565
11.176471	13.260870
11.200000	13.260870
11.223529	13.152174
11.247059	13.152174
11.270588	13.043478
11.294118	12.934783
11.317647	12.934783
11.341176	12.826087
11.364706	12.826087
11.388235	12.826087
11.411765	12.717391
11.435294	12.717391
11.458824	12.500000
11.482353	12.608696
11.505882	12.500000
11.529412	12.500000
11.552941	12.391304
11.576471	12.391304
11.600000	12.391304
11.623529	12.282609
11.647059	12.173913
11.670588	12.173913
11.694118	12.173913
11.717647	12.065217
11.741176	12.065217
11.764706	11.956522
11.788235	11.956522
11.811765	11.847826
11.835294	11.847826
11.858824	11.847826
11.882353	11.739130
11.905882	11.739130
11.929412	11.630435
11.952941	11.630435
11.976471	11.521739
12.000000	11.521739
12.023529	11.521739
12.047059	11.413043
12.070588	11.304348
12.094118	11.304348
12.117647	11.304348
12.141176	11.195652
12.164706	11.195652
12.188235	11.086957
12.211765	11.086957
12.235294	10.978261
12.258824	10.978261
12.282353	10.978261
12.305882	10.869565
12.329412	10.869565
12.352941	10.760870
12.376471	10.760870
12.400000	10.760870
12.423529	10.652174
12.447059	10.652174
12.470588	10.543478
12.494118	10.543478
12.517647	10.434783
12.541176	10.434783
12.564706	10.326087
12.588235	10.326087
12.611765	10.326087
12.635294	10.217391
12.658824	10.217391
12.682353	10.108696
12.705882	10.108696
12.729412	10.000000
12.752941	10.000000
12.776471	10.000000
12.800000	9.891304
12.823529	9.891304
12.847059	9.891304
12.870588	9.782609
12.894118	9.782609
12.917647	9.673913
12.941176	9.673913
12.964706	9.565217
12.988235	9.565217
13.011765	9.565217
13.035294	9.456522
13.058824	9.456522
13.082353	9.347826
13.105882	9.347826
13.129412	9.239130
13.152941	9.239130
13.176471	9.239130
13.200000	9.130435
13.223529	9.130435
13.247059	9.021739
13.270588	9.021739
13.294118	8.913043
13.317647	8.913043
13.341176	8.913043
13.364706	8.804348
13.388235	8.804348
13.411765	8.695652
13.435294	8.695652
13.458824	8.695652
13.482353	8.586957
13.505882	8.586957
13.529412	8.478261
13.552941	8.478261
13.576471	8.369565
13.600000	8.369565
13.623529	8.369565
13.647059	8.260870
13.670588	8.260870
13.694118	8.260870
13.717647	8.152174
13.741176	8.152174
13.764706	8.152174
13.788235	8.043478
13.811765	8.043478
13.835294	7.934783
13.858824	7.934783
13.882353	7.934783
13.905882	7.826087
13.929412	7.826087
13.952941	7.826087
13.976471	7.717391
14.000000	7.717391
14.023529	7.608696
14.047059	7.608696
14.070588	7.608696
14.094118	7.500000
14.117647	7.500000
14.141176	7.500000
14.164706	7.391304
14.188235	7.391304
14.211765	7.282609
14.235294	7.282609
14.258824	7.282609
14.282353	7.173913
14.305882	7.173913
14.329412	7.173913
14.352941	7.065217
14.376471	7.065217
14.400000	6.956522
14.423529	6.956522
14.447059	6.956522
14.470588	6.956522
14.494118	6.847826
14.517647	6.847826
14.541176	6.739130
14.564706	6.739130
14.588235	6.739130
14.611765	6.630435
14.635294	6.630435
14.658824	6.630435
14.682353	6.521739
14.705882	6.521739
14.729412	6.521739
14.752941	6.413043
14.776471	6.413043
14.800000	6.413043
14.823529	6.413043
